2000 2000
2 1377 1377
2 991 1098
2 430 830
2 966 966
2 703 1534
1 243 1039 138390509
1 1708 568 234935917
1 1506 1183 570798866
1 788 1230 256744683
1 1797 953 319625361
1 1181 1452 182550448
2 1616 1616
2 1384 1695
1 286 372 434339908
2 1321 1146
2 1299 1355
2 869 272
2 1445 1445
2 170 148
2 1529 1328
2 1869 890
2 1363 1363
2 195 100
1 1818 30 257076404
1 327 393 727709259
1 1327 352 497037601
2 46 935
2 1898 1806
1 451 668 397910209
1 388 660 893258922
2 1461 1461
2 1682 353
1 698 248 906429197
1 329 1608 124027609
1 1576 1266 837440366
2 1673 1673
2 873 1038
2 1040 947
2 1678 1678
2 120 162
2 842 405
2 698 1663
2 1130 1130
2 933 460
2 458 1562
1 1529 1601 714965722
1 1503 1101 900435522
1 1445 1537 707734397
2 1501 656
2 1082 1082
2 822 1975
1 859 1332 224327136
2 281 281
2 384 966
2 1529 1601
2 1376 419
2 1994 1216
2 1148 1148
2 100 87
2 214 740
1 834 271 650886035
2 917 1773
1 238 1663 264520872
2 157 986
1 919 1404 801593617
1 769 302 604047376
2 1442 603
2 306 1203
2 1286 563
2 1230 1230
2 409 1971
1 392 164 731992254
1 1308 640 983886030
2 1233 1144
2 1467 322
2 1310 1310
2 24 981
1 1834 1191 467058090
2 215 1859
2 904 904
2 276 1851
1 577 1750 722250682
1 1430 1392 524546327
1 1889 321 436299466
2 1501 1956
2 556 715
2 1335 559
2 1531 1531
2 413 426
1 922 566 333947215
1 713 1272 157898064
2 1080 134
2 1404 1808
1 672 289 567362871
1 1664 1281 706728575
2 779 553
1 899 158 983641995
2 463 252
1 1807 1957 364626381
1 1695 897 573662155
2 1921 1246
1 55 81 274183808
1 1961 1373 844661475
1 1307 201 122350460
2 1586 1829
1 1865 493 458272026
1 205 646 962160667
2 923 77
2 399 399
2 1664 604
1 997 965 508866646
1 1931 60 460076213
1 918 1686 281841735
1 1664 219 879320742
2 1481 1481
2 59 1852
2 1105 1286
1 253 350 539274552
1 1639 694 571706859
2 627 1704
2 992 992
2 1759 996
1 1362 1767 228634257
1 1331 841 433517601
1 904 161 795086267
2 1023 1748
2 667 667
2 379 178
1 480 444 848543850
1 1941 1531 884146378
2 1028 1028
2 358 1716
1 1141 392 514075131
2 1181 1452
2 653 1423
2 1493 1493
2 1268 407
2 1000 1000
2 785 1017
1 319 1790 129698778
2 307 307
2 1280 920
2 1802 439
1 1901 730 181859216
2 111 1025
2 475 700
2 1126 1126
2 509 936
1 19 123 822697571
2 1560 409
2 1299 1299
2 1152 1870
2 312 656
2 835 835
2 1335 487
1 1949 227 866143041
1 701 1320 622833129
1 977 1196 943816378
1 1585 898 584904048
1 63 1780 377016604
2 572 572
2 1252 377
2 1946 1946
2 473 543
1 1558 307 506394822
2 1825 1825
2 302 45
2 1703 1703
2 750 111
1 1887 1785 704490501
2 1323 1158
2 884 884
2 119 1284
1 343 1844 493887389
1 1789 1551 669083818
1 786 982 737992939
2 988 988
2 949 128
1 966 1421 606723032
1 932 1104 6428745
2 1744 1744
2 1113 170
1 34 1042 550246829
2 1146 1305
1 806 349 992371504
2 442 680
1 1840 325 982817716
1 1145 594 770544719
1 576 659 488853319
1 480 1704 857655930
2 908 413
2 1638 1638
2 379 1523
1 793 884 641904607
2 1460 730
2 322 1590
1 1402 740 666775311
2 1679 566
2 792 865
2 1973 506
2 1272 713
2 1191 1964
1 336 1896 591587528
2 1793 1793
2 1515 1156
2 1895 1948
2 42 847
2 86 1295
1 783 261 458205415
1 1143 198 765457403
2 713 1167
2 222 222
2 289 539
2 289 289
2 806 927
1 797 85 78233000
2 919 525
2 1845 1845
2 1627 947
1 1085 1986 573853134
1 1526 575 49191863
1 109 628 967418886
2 183 286
2 1424 1424
2 527 1040
2 1280 172
2 1523 1588
2 8 861
1 1735 515 70423691
2 765 765
2 32 1410
1 524 1939 403492225
2 506 506
2 1854 187
2 907 907
2 116 1795
1 361 260 726274003
1 1217 1714 546096156
2 297 1794
1 1637 1423 442044812
2 138 138
2 893 494
2 1029 1029
2 657 983
1 1518 1295 643676786
2 1092 1092
2 55 1769
1 281 514 805075609
1 1847 801 133092689
2 1404 1404
2 1894 447
2 793 884
2 1132 1214
2 1919 78
2 1272 1272
2 600 1238
2 1590 277
1 152 657 699792997
2 1270 1836
2 1163 241
1 1838 1230 257157408
1 1238 1819 304981642
2 24 711
1 754 1950 728451766
1 1671 1695 425422344
1 1648 302 146726373
1 1419 1550 257528471
1 715 1046 837384106
1 1726 517 893070189
2 1447 266
2 84 15
2 674 177
2 755 249
2 1822 1695
1 799 1776 895707955
1 1528 1392 788841120
1 291 1725 879075286
1 1009 1868 678439282
2 487 692
1 1658 346 367231902
1 29 1438 730376193
2 1770 1770
2 1560 476
1 1531 1724 904725106
1 667 825 435590093
2 503 1278
2 1474 847
2 957 957
2 953 952
2 1685 93
1 976 865 370392051
1 536 57 127674214
1 1398 462 496255987
2 1729 133
1 339 962 343513411
1 668 1780 595957076
1 547 927 843192407
2 1651 1651
2 289 1023
2 264 264
2 332 1620
1 1773 1940 876903204
2 1484 1484
2 1591 525
1 1247 1229 287775158
1 517 726 832728416
1 1263 738 838681699
1 726 807 801917677
2 701 701
2 1438 1281
2 1255 331
1 220 1294 948534088
1 162 1788 508712788
2 1597 1678
1 930 1817 335558605
1 1133 1782 90109509
2 816 816
2 1322 1944
1 573 1683 265817187
2 1412 221
1 1252 1996 482402120
2 723 1992
1 1084 1298 337093174
2 1398 1398
2 1459 556
2 955 955
2 325 1460
2 145 172
2 57 536
2 1257 403
2 232 225
2 52 52
2 616 1294
1 1956 1655 188302743
1 690 1510 412492083
2 1870 1870
2 1773 1870
2 1421 34
1 1882 619 877939375
1 218 263 822408178
2 1449 682
2 1316 1316
2 955 315
1 747 1160 267745271
2 1897 1897
2 806 1577
2 668 668
2 480 314
1 1522 289 229019881
2 565 117
1 1113 75 32943951
2 1393 1308
1 272 1372 280977407
1 1588 1466 440946228
2 1203 1445
2 1320 701
2 653 1238
2 1607 183
2 1963 1461
2 9 1180
2 1209 1209
2 1252 1305
2 1321 641
2 1296 1051
1 1035 1219 126968523
1 1452 478 336449698
1 476 1512 117134109
2 219 887
1 671 226 296916691
1 845 768 4010559
2 303 303
2 717 1663
1 825 1733 654388817
2 77 77
2 164 1229
2 575 1526
2 1953 1153
1 1231 912 245186915
2 731 731
2 488 497
2 1973 1973
2 938 59
1 105 896 100284490
1 1960 273 330107402
2 1522 672
2 751 31
2 227 1039
1 1830 259 519206148
1 619 1626 29058883
2 1012 373
2 921 1816
2 267 437
2 1178 414
2 1652 1652
2 1336 590
2 218 263
2 455 325
2 870 870
2 362 892
1 1601 1883 806767033
2 286 286
2 959 1793
2 614 614
2 1718 1283
1 1459 1603 797005431
2 1315 1534
2 612 386
2 1820 312
2 1751 1751
2 645 234
1 1239 399 22863698
1 776 727 474349404
2 1768 1768
2 201 247
2 963 294
1 1476 366 505400358
2 1468 1468
2 191 285
1 1699 1843 735130103
2 165 165
2 576 1568
2 1340 1294
1 207 1970 298110158
1 1823 1372 67995479
1 1488 1607 89279947
2 766 1925
1 969 1385 583717585
2 479 479
2 771 708
2 670 1238
2 1821 1821
2 928 638
2 681 575
2 1183 1183
2 1247 247
2 1848 1542
2 1110 947
1 1766 508 131550529
2 95 1142
1 1860 488 585935239
2 294 423
2 216 216
2 953 1813
1 1797 417 749047658
1 1035 1709 193602505
2 1083 264
2 630 630
2 1597 1520
2 277 1657
2 1992 871
1 1 1554 950312743
1 1500 377 729601165
1 529 1369 669917624
1 611 1004 156805057
2 297 297
2 655 1243
2 164 140
2 1965 1504
2 1037 1677
1 1079 1644 492034205
2 46 46
2 1968 523
1 1714 1551 74485561
1 798 859 264318138
2 290 1188
2 173 173
2 1733 736
2 1668 241
2 400 954
2 1042 1042
2 834 1657
1 1180 1360 602405395
2 307 105
1 1265 926 420581229
2 1672 1025
2 1866 938
2 530 1898
2 1814 1814
2 1962 1441
2 1281 1664
2 1344 156
1 879 553 673088233
2 885 508
2 830 551
2 260 260
2 1662 2
1 1507 1391 710462601
2 45 911
2 1844 1844
2 1364 1514
2 211 211
2 92 887
2 329 1994
2 788 1282
2 133 133
2 926 730
2 805 805
2 752 1137
2 927 547
2 1179 1956
1 1564 330 334911932
1 1021 1017 272498806
2 433 1194
1 686 1139 498527726
2 1310 1471
1 1912 1591 207378445
1 1782 1425 856396778
2 904 964
2 1010 172
2 1656 1073
1 1586 30 549647902
1 1272 990 922337896
1 1353 656 648500757
2 1956 645
1 1186 1940 265761511
2 1796 903
2 690 690
2 76 1902
1 1297 149 471199200
2 1633 1796
2 1425 1133
2 1597 335
2 281 791
2 355 355
2 1918 1495
2 939 1515
2 420 276
2 1255 420
1 1096 1111 77956332
1 426 1888 504768087
2 1878 922
2 1271 345
1 1073 785 487870532
2 1143 198
2 857 617
2 1643 1597
1 1441 1195 809182120
2 528 1460
2 486 1680
2 83 860
1 1275 1870 273444953
2 191 1140
2 1143 198
2 516 1324
1 1795 22 4636832
2 1782 96
2 1697 1697
2 940 474
2 1686 1686
2 604 390
1 813 1106 739516588
1 1378 1131 317090518
1 634 1975 637466430
1 1371 1374 262602615
2 534 1849
2 20 20
2 1727 1955
2 145 145
2 1673 1571
2 480 1972
2 1516 1516
2 142 1332
1 779 838 572189268
2 263 263
2 215 1645
2 266 1767
2 787 787
2 129 542
2 105 1271
2 1260 81
2 1876 997
2 346 346
2 1376 727
2 801 323
2 613 613
2 690 1321
1 241 767 267363667
2 1742 1742
2 479 497
1 11 123 545223189
2 967 967
2 852 416
2 926 926
2 420 1065
2 671 1705
2 30 1586
2 436 1962
2 405 405
2 1415 1421
1 1336 1056 95509438
2 351 705
2 1657 1657
2 401 308
2 1383 1383
2 498 1140
1 1521 170 251798381
2 212 1184
2 1123 1123
2 269 1844
1 241 1381 464499310
1 1495 452 169817005
1 1850 119 741633344
2 925 925
2 1142 531
1 605 1779 617779595
2 739 597
2 1757 1757
2 1019 585
2 1274 1274
2 615 540
1 1911 1147 863689448
2 535 535
2 1670 420
2 1728 197
2 536 536
2 1534 1715
2 1187 1771
1 899 1331 728563354
2 1064 1434
2 1877 1236
2 608 1780
1 1982 271 56575044
2 1140 1140
2 802 539
2 1043 1043
2 1994 1758
2 1970 1970
2 1635 375
2 1794 1794
2 276 1137
1 863 712 203025195
2 1133 1782
2 1972 349
1 1849 1162 534214113
2 706 553
1 1219 244 854819839
2 1272 713
2 1858 30
1 202 1842 234619007
1 1662 125 416505477
2 809 543
2 1557 1557
2 1747 1249
1 212 1542 83524056
2 1502 1502
2 600 896
2 1044 1044
2 1521 208
2 621 530
2 1789 1551
2 439 729
1 569 310 581755625
2 899 158
2 518 1119
1 1393 1863 934570166
1 993 580 217556243
1 609 382 41691978
2 207 207
2 1100 1533
1 1125 1627 904229698
2 1899 1899
2 558 513
2 1928 1928
2 440 1363
1 438 609 429344277
2 1295 1518
2 1079 1686
1 871 1744 68146760
2 1049 1049
2 124 1613
1 1261 773 44210153
1 88 133 596053848
2 1578 905
1 1158 1593 569369684
2 1145 986
2 218 263
2 620 1342
1 645 740 203335872
2 1542 212
2 250 1779
2 386 1053
2 1625 1063
1 1255 1852 356757064
2 1483 355
1 998 633 452128844
2 1411 1411
2 132 1106
2 1622 1506
1 777 67 310394562
2 934 934
2 295 488
1 1032 13 731630609
2 429 706
2 689 1972
2 664 713
1 1338 1514 939598019
1 1884 1393 661673875
1 797 543 450816934
2 1428 1307
2 227 227
2 1332 776
2 1604 1425
1 692 250 599762662
2 207 207
2 77 1628
2 1721 1230
2 1537 1445
2 858 370
2 1169 969
1 896 1225 415925138
1 1532 278 597925939
2 211 400
2 945 945
2 539 1635
2 840 840
2 142 1311
1 1398 1719 658830239
1 405 1415 202684073
2 867 867
2 1000 1447
1 663 1425 30461393
2 1503 1055
2 1187 350
2 4 813
2 1671 1695
2 80 1041
1 1150 128 143842146
1 1027 1898 126168549
2 753 753
2 681 1616
2 1871 1500
1 82 1937 31050468
2 577 510
2 1173 1173
2 1723 698
2 891 1186
1 1666 432 987275985
2 1732 1255
2 1626 1882
2 736 1660
2 1162 1423
2 987 1439
2 574 574
2 800 736
1 1473 1446 562139964
2 607 1544
2 1751 1892
2 366 1476
2 706 1431
1 862 1244 671051879
1 46 407 705774605
2 185 185
2 1737 1341
2 1982 1158
2 1332 415
1 1537 1522 285300144
2 899 841
2 1403 142
2 526 526
2 257 1961
1 1245 904 552142162
2 1544 1544
2 288 1658
1 1549 1237 989017594
2 1507 1507
2 1124 469
2 4 1537
2 1589 1589
2 1827 556
1 963 1709 989344789
2 1168 1899
2 596 596
2 223 82
1 974 1703 783713185
2 1240 1709
1 525 766 275055243
2 1126 1126
2 1823 1200
2 1499 1499
2 1695 989
2 742 1220
2 1591 808
2 1374 1374
2 1266 255
1 393 1494 774392012
1 1843 1920 732977495
2 100 66
2 10 10
2 1085 345
2 1886 1697
1 706 1723 86037983
2 976 976
2 867 406
1 1422 559 822329920
1 921 1936 534147336
2 1870 1870
2 839 1162
2 478 1181
2 1562 152
2 1339 871
1 379 1576 379573618
2 187 848
2 553 879
2 1859 1800
2 1949 227
2 1958 1060
2 1492 1595
1 1730 778 11610766
2 396 396
2 131 1695
1 746 195 496241394
1 1511 1592 401771239
2 338 278
2 1487 1487
2 936 666
1 622 446 770671647
2 1864 1864
2 873 1724
2 266 266
2 667 1871
2 712 712
2 1262 495
2 896 105
2 1699 1317
1 866 1254 469357
2 1261 1665
2 1289 1289
2 494 1889
2 1029 1029
2 1868 411
2 1544 1544
2 1432 961
2 1833 1833
2 791 1044
1 1527 37 845993792
2 1775 1167
1 782 1579 470741915
2 1277 1277
2 1371 1698
2 1776 1776
2 1488 1331
2 584 1047
1 1174 1367 463701468
2 615 615
2 93 564
2 1458 453
1 859 353 440317131
2 120 868
2 498 498
2 1864 1831
1 579 913 712468070
2 36 36
2 142 171
1 1037 1983 5860990
1 242 1718 853049208
2 1469 1701
2 460 460
2 948 1443
1 623 106 107164414
1 1144 1355 258733360
1 727 450 313502879
1 1574 1613 616775714
2 1788 1983
2 1029 1333
1 342 1029 201330438
1 993 1084 910221201
2 1087 1279
2 389 1144
1 349 206 503062589
1 1642 798 576183693
1 318 1671 667722144
1 860 47 22682913
2 244 1035
2 1520 658
2 576 659
2 1125 1851
2 1769 1769
2 1097 1923
2 1511 1406
1 1219 1821 443674554
2 156 1356
2 1411 219
2 1729 1729
2 1861 7
2 692 1418
2 271 1982
2 165 1936
2 1102 218
2 176 176
2 1781 1705
2 32 1514
1 432 397 649327720
2 1794 1445
1 1266 536 595872758
1 1370 599 859457931
2 363 1244
1 1099 1547 259821738
2 204 204
2 717 283
2 1279 99
1 1614 663 175929532
2 679 679
2 1887 1964
1 1445 1137 134108684
2 1898 485
2 736 1860
2 1549 1237
2 366 834
1 779 903 332881251
2 1934 1247
2 1768 1768
2 328 1375
1 1412 1518 264293194
2 1688 1688
2 174 1824
1 1471 1700 145733115
1 1230 1809 382779636
1 1543 1954 511690069
1 1999 258 536024556
2 730 1901
2 506 1911
1 1245 369 657973473
2 1552 1552
2 272 62
1 939 97 461579057
1 1177 1803 430036139
1 1049 1962 273910033
2 1659 1973
2 1166 247
1 579 216 63015452
2 1542 1542
2 977 745
2 1516 1516
2 730 1774
1 412 118 142591886
2 1360 1180
2 641 258
1 100 307 170329210
2 1676 1676
2 298 576
2 549 1430
1 448 1441 975434273
2 779 779
2 654 996
2 1438 29
2 1739 123
1 627 777 372534617
2 239 1770
1 1868 1856 861437425
1 365 1475 855878028
1 1557 1146 448638965
2 773 1261
2 1398 1385
2 517 1726
2 1899 269
2 219 1664
2 326 18
2 1619 1619
2 1325 1139
1 1109 402 904100348
2 1010 1315
2 1739 1435
2 1147 1147
2 477 1941
1 905 398 631537969
2 991 273
1 956 931 264292075
1 1664 1982 545016823
2 1244 1244
2 1261 272
2 1583 1709
2 1949 227
2 896 674
1 114 793 492126545
2 990 1438
1 1375 1023 98412946
2 1426 1473
2 1035 1821
2 741 150
2 1799 14
1 1504 1677 451705905
2 1823 1744
1 312 722 86908444
1 1599 37 265766309
1 600 1552 694340464
2 68 1767
2 896 105
2 431 1287
1 1406 1475 298414985
2 1887 1887
2 1565 400
1 257 1033 218302061
1 380 514 744699447
1 995 1243 928954211
2 1488 589
2 388 94
2 1063 919
1 1314 1371 901103577
2 1142 1142
2 1352 1790
2 212 212
2 970 1565
2 825 1733
2 830 835
1 751 965 5678365
1 1708 1029 789139701
1 1947 445 407810252
1 1911 856 334739505
1 678 1710 232048076
1 1106 212 550859057
2 318 1695
2 803 556
2 578 578
2 1664 818
2 359 1943
2 899 841
2 426 39
2 1859 319
2 1110 1615
1 1105 1400 284702443
2 1968 1738
2 795 588
2 437 1936
2 1758 1758
2 741 636
1 269 751 600642051
2 30 295
2 1888 1888
2 990 709
1 791 1153 726158975
1 229 504 78773778
1 686 81 828988772
2 1479 1479
2 549 423
1 186 1984 790348655
2 338 1381
2 1760 1760
2 1639 114
2 1405 1256
1 646 1220 697266040
2 548 1137
1 1172 850 494970333
2 1006 1013
1 733 1200 240844735
2 1595 1578
2 859 859
2 1160 906
1 524 184 276223406
2 1456 1456
2 1975 800
2 1108 1735
1 63 232 783085034
2 754 1950
2 746 1495
2 684 923
2 1322 1322
2 636 1134
1 870 1382 112666579
1 203 484 753713951
1 1648 626 175939793
2 1842 1842
2 1456 1760
1 456 1422 761225871
2 219 1281
2 1533 1803
2 898 898
2 806 1885
1 15 1578 432743856
1 914 1041 502138467
2 819 622
2 1383 427
2 1042 785
2 1661 1096
1 862 391 396561043
1 519 254 158545818
2 646 646
2 693 1967
2 199 199
2 358 1873
1 1276 863 437157299
1 399 364 56208644
1 855 1895 929780689
1 739 44 542938926
1 1952 491 319243852
1 211 717 404283533
1 391 1904 404183429
2 1126 1126
2 696 669
2 570 570
2 1241 963
2 776 450
2 903 918
1 1191 1028 457228996
2 104 1659
2 1726 517
2 198 1672
1 1429 500 803391098
2 325 325
2 1999 1638
1 710 505 2289476
2 1335 1335
2 1196 1635
2 1238 1173
2 1773 1773
2 1841 929
1 550 1599 376282752
1 1515 205 520392404
2 908 374
2 1919 471
2 668 668
2 1918 1653
1 993 25 983262193
1 1587 952 569735845
2 1882 1882
2 399 1986
2 1012 1012
2 203 1032
2 553 879
2 1120 1207
2 1227 857
2 161 483
1 1191 852 430232200
1 1040 1140 529306024
1 222 1067 61751321
2 690 1506
1 1615 1065 468560013
1 625 1515 770830113
2 1154 1154
2 994 943
1 494 1385 802298959
1 1328 1383 261560613
1 1854 542 72255306
2 271 1664
2 18 724
1 345 147 604543104
1 1187 295 313099759
1 1230 686 187965602
2 1679 800
2 1318 1018
2 1797 417
2 895 1383
1 1630 1106 13075033
2 450 450
2 1802 435
1 942 1251 61604936
2 334 1070
1 1875 241 303596353
2 336 1731
2 1292 1292
2 1737 828
2 1791 1791
2 527 131
1 887 501 639439113
2 1953 903
2 250 858
2 1444 1349
2 434 217
1 521 697 856929394
2 606 606
2 1703 277
2 250 906
2 1457 1457
2 1911 412
1 936 1870 445066610
2 333 1623
2 1628 1628
2 1610 699
1 198 833 943255310
2 1880 1880
2 1207 565
2 601 601
2 297 1155
2 12 282
2 1334 1705
2 1685 1685
2 1444 207
2 636 1945
2 1046 1046
2 449 538
2 858 868
2 32 32
2 1012 1187
2 1923 1604
2 1548 1578
2 1455 1455
2 39 377
2 61 61
2 233 1080
1 538 1438 554767559
2 344 344
2 3 1327
1 31 1804 771245064
1 1654 991 891291563
2 283 283
2 514 1510
1 1270 488 550607122
2 245 1477
2 1162 1113
2 884 793
2 702 103
1 1811 1279 194304846
2 1139 1809
2 251 669
2 1747 1577
2 406 406
2 1823 722
2 1250 1250
2 991 1503
2 969 969
2 1028 1903
1 1299 414 435523121
1 810 1475 424009809
2 1065 1958
2 748 299
1 309 1032 822995513
2 1207 328
1 409 834 559665754
2 859 1332
2 45 287
2 1867 1979
1 139 1620 985288015
2 242 242
2 1195 1419
1 584 69 495616778
2 1836 590
2 1515 1515
2 154 1576
2 1394 1847
2 801 53
2 1769 1366
2 1550 1550
2 1080 1042
2 270 845
2 1400 1105
2 165 1919
2 280 1632
2 1102 1454
2 568 342
2 1247 250
1 681 191 223523607
2 1809 81
2 1305 1624
2 22 22
2 1304 15
2 1683 1543
2 403 161
1 641 1868 137887050
2 1231 1231
2 412 1213
2 1775 1775
2 1591 291
2 1728 1961
2 127 109
1 1025 227 428883099
1 1212 1667 859890603
2 686 1139
2 870 16
1 610 891 649176413
1 21 564 622728823
1 58 1732 270921448
2 202 1698
1 368 33 638066625
1 1349 419 338625956
2 1616 1616
2 1480 141
1 841 1629 760250427
1 1489 1064 346515214
2 509 509
2 368 441
2 724 724
2 1155 4
1 957 78 272593411
2 393 407
2 379 655
1 713 1577 171651678
2 885 848
2 524 184
2 1199 996
1 1466 1480 938123641
2 1327 1327
2 1767 1776
2 704 704
2 80 430
2 1627 1125
2 150 1248
2 63 668
2 375 649
1 557 1202 636542882
2 1645 1928
1 358 783 959869510
2 1671 318
2 1124 1161
2 1220 205
2 255 541
2 974 1703
2 156 1203
2 788 81
2 1655 122
1 1330 996 957306680
2 1009 1868
2 1659 874
1 1591 924 372456847
2 283 283
2 1513 596
1 1646 127 806055514
2 36 1252
1 1220 104 278804225
2 1700 1700
2 237 649
1 1199 297 934894231
1 678 1224 744568204
2 1809 1230
2 1503 898
2 105 896
2 85 539
2 808 808
2 1730 1479
1 1813 549 178635937
2 881 762
1 1521 1235 766182137
2 1285 1125
1 1208 995 830807165
1 1146 1400 795887449
1 1233 1087 442097294
1 770 768 578490697
2 666 666
2 792 1350
2 1723 256
1 338 905 604554559
2 444 480
2 313 575
1 1065 1454 53016559
2 1531 733
2 613 1574
2 295 174
2 969 494
2 494 1169
1 1375 1925 685195179
2 342 1029
2 309 1953
1 108 893 979662846
2 125 1662
2 876 194
2 170 930
1 1368 373 465074300
1 414 1380 54012178
1 1833 1788 271467540
1 1346 944 976385635
2 451 1895
1 567 1489 401165933
2 1459 1459
2 1115 1179
1 1872 760 87504687
2 1717 1731
2 274 274
2 388 444
2 115 115
2 22 1403
1 133 1657 615552081
1 935 1592 122319848
2 1137 1137
2 1472 372
2 6 933
1 214 316 25708657
2 837 1903
1 173 428 257999687
1 1929 893 332109370
1 1779 1937 469670851
1 1240 1715 393085554
2 1779 1937
2 1441 1282
1 389 440 487932959
2 1458 1057
1 155 1952 806149002
2 478 1452
2 1946 486
1 693 1066 598478187
2 1545 1560
1 1308 694 702482856
1 397 640 942696064
2 50 1827
2 1035 963
2 230 904
2 646 354
2 716 1042
2 763 966
1 333 861 584169481
2 1097 1097
2 1102 322
1 1782 1245 968731965
2 671 226
2 1878 932
2 1531 1531
2 1094 1748
2 1854 542
2 1919 873
2 651 651
2 1760 168
2 161 1425
2 1700 1796
1 713 1386 394485282
1 1105 108 854549488
2 385 385
2 477 229
2 1066 1066
2 1722 1832
2 450 450
2 1082 1122
2 1843 597
2 355 355
2 1872 1138
1 159 467 514846534
2 722 864
1 542 723 429928968
1 1331 1194 453863466
2 412 412
2 661 1467
2 536 1576
2 925 1669
2 1072 1072
2 1271 1480
1 1653 1994 42248739
1 1195 862 609292963
1 1957 1582 778076737
2 182 182
2 372 722
2 893 108
2 159 735
2 257 616
2 718 1062
1 907 1866 960411111
2 944 1948
1 432 1451 832647211
2 1148 1148
2 1347 735
1 329 1797 767482838
2 1950 1950
2 1975 348
2 397 1666
2 1091 1886
2 1950 754
2 1297 1285
2 177 626
2 167 1784
2 407 407
2 101 648
2 650 633
2 1830 1830
2 63 828
2 1247 744
2 361 307
1 575 150 654342415
1 1205 1120 174663776
2 482 482
2 1308 1004
2 1908 1815
2 1414 1125
1 463 1483 238013747
2 1371 563
2 1510 1510
2 1206 1802
2 1531 1724
2 708 149
2 169 1806
2 751 997
2 860 1976
2 1386 1577
2 1490 1479
1 1114 892 131214119
1 1336 1903 18728921
2 1475 1406
2 1888 1339
2 739 44
2 1949 1177
2 69 1635
1 1778 1885 43111087
2 792 792
2 1120 1071
2 1346 1346
2 1168 1547
2 1527 1929
2 1253 1324
2 226 1983
2 1142 1434
2 386 513
1 1269 1745 507567830
2 1033 1921
2 876 1343
1 1278 321 279135268
2 1763 1763
2 1851 620
2 753 522
1 1892 689 230278386
1 555 417 226816311
2 111 1583
2 654 654
2 633 1637
2 907 1866
2 1787 452
2 1947 1947
2 569 1626
1 1237 612 826899136
2 1498 687
1 1745 989 62077181
2 1790 319
2 1283 802
1 1555 1882 690411868
2 254 1030
1 1106 380 871597763
2 1171 1171
2 131 711
2 997 257
1 243 468 62299445
1 1502 1526 327234343
2 663 1425
2 1183 1783
2 1396 1396
2 614 1671
2 146 643
2 1721 1086
1 126 1209 324362748
1 1281 817 996283133
2 891 610
2 251 1677
2 193 193
2 46 207
1 1939 961 231943715
2 327 1919
2 552 1762
2 1577 1887
2 663 663
2 225 750
1 1084 1567 695558892
2 1371 459
1 278 244 887583530
2 412 1530
2 1254 866
2 715 1029
2 1386 1577
2 780 301
1 1945 417 315724527
2 1578 11
1 1840 1023 236622194
2 572 781
1 768 873 531868827
2 1845 1845
2 1983 1918
2 480 1284
2 23 23
2 498 394
2 1336 1903
2 332 1807
2 44 739
2 502 353
1 1370 56 45858369
2 369 1873
2 1947 445
2 914 667
2 1598 1598
2 480 1726
2 555 1945
2 1826 940
2 745 1081
1 915 493 451089393
2 1958 937
2 1493 617
2 448 1904
2 56 1612
2 1486 1486
2 967 1451
2 1625 1625
2 248 243
2 1704 1704
2 821 692
2 471 1787
2 1788 162
2 330 1586
2 626 1410
2 333 861
2 1669 1625
1 1889 782 951206691
1 499 1453 871296955
1 1436 15 284040082
2 1484 1484
2 1486 1465
2 888 1849
2 316 316
2 1670 1278
2 1938 1938
2 584 655
2 1039 890
2 779 1395
1 672 353 557785620
1 374 674 190284340
2 420 420
2 1347 1254
1 1881 1068 688500692
2 1425 904
2 204 45
1 598 823 690064293
1 1749 613 893564179
1 244 1087 603373623
1 936 1169 364724112
1 1289 365 861677727
2 1522 672
2 1040 1222
2 701 701
2 897 1835
1 1500 259 373084915
1 878 70 146689958
2 1994 1994
2 726 260
2 961 1048
2 1955 287
2 1541 1541
2 1289 1033
1 227 1285 537942042
2 893 806
1 552 1797 334449868
2 507 808
1 923 1406 419415266
2 794 794
2 326 663
1 1381 1975 740152765
2 1015 1000
2 1651 1651
2 45 692
2 1289 923
2 486 1410
2 1559 1438
2 1137 1522
2 1959 47
2 1502 575
2 1720 830
1 298 239 599131424
2 556 1790
2 206 349
2 176 1208
1 943 1776 458991023
1 600 68 245391812
1 118 1402 630875901
2 1600 869
2 1814 1814
2 1379 1387
2 1386 990
2 1882 1501
1 203 701 678175479
1 1111 1583 360710282
1 685 1228 303602875
2 1639 1666
2 1727 686
1 1212 1860 380480090
2 1780 232
2 477 1459
2 1412 1412
2 522 1670
2 736 242
2 1089 1089
2 1749 348
1 1535 540 865448316
2 1752 1752
2 1937 120
2 161 1133
2 1656 952
1 783 1667 147721983
2 715 445
1 627 70 629288667
2 1270 1212
2 915 1378
1 419 1137 414943516
2 255 666
1 1286 1801 515382933
2 1349 1642
2 589 381
2 1634 1634
2 1507 1769
2 668 168
1 835 1498 218719828
1 1075 1786 374080202
1 850 1612 223509179
1 1524 481 522672482
1 936 522 561796964
1 41 423 736527083
1 1489 120 593529511
2 1035 1035
2 1612 53
2 521 1070
2 147 147
2 1892 1643
2 1786 169
2 1035 1532
2 1085 1243
1 1833 28 700621232
1 950 1553 756495350
1 1515 1806 560656116
1 878 1199 55335036
1 1430 1545 661437424
1 1842 180 554661729
1 1945 1905 739147851
2 1557 1400
2 1820 1629
1 32 1083 910999648
2 212 212
2 249 617
2 1812 1148
2 952 1587
2 1871 959
1 1810 983 286414272
2 1911 1147
2 220 1149
1 1283 380 170894613
2 224 919
2 1286 1610
1 984 1949 117466507
2 411 411
2 198 1256
1 171 1124 978567223
2 1502 1526
2 369 1053
2 364 399
2 1239 1538
2 1601 1601
2 823 1881
2 437 437
2 1956 1533
2 813 1016
1 1398 915 954207838
2 1624 1435
1 1030 388 147836773
2 1332 353
2 241 647
2 1395 145
2 627 67
2 507 1242
2 58 694
1 1136 399 34879339
2 1339 344
2 738 522
2 1985 1985
2 667 703
2 1666 694
2 1576 799
2 244 963
2 635 839
2 1904 448
2 704 424
2 19 11
2 1948 589
2 789 250
2 1710 1224
2 1489 1397
2 664 1351
2 577 1641
1 1677 1721 228759622
1 300 889 251259120
1 1045 1310 784423050
2 750 750
2 1046 481
2 998 598
2 477 694
1 1892 798 610357177
2 396 396
2 1765 1264
2 268 268
2 1853 310
2 1905 1608
2 572 640
2 1580 1580
2 320 1709
2 116 116
2 1072 890
1 1945 687 202558768
1 1275 494 801323059
2 91 91
2 1401 795
1 305 1366 127309821
1 931 907 274408471
1 1389 838 226836638
1 1139 636 142359689
2 1013 1013
2 1784 544
2 832 832
2 565 1217
1 1588 1944 194686709
2 321 1988
2 1700 1700
2 1756 867
2 260 1242
1 1936 657 506096541
2 841 1629
2 544 1983
2 921 1411
1 848 741 598981641
2 281 813
2 1564 752
2 1343 560
1 572 1192 786959746
2 896 105
2 540 317
1 533 1825 952008615
1 24 1507 77395331
1 1959 1137 615994494
2 663 1133
2 1338 1545
1 1093 234 568766428
2 954 954
2 530 1530
2 369 904
2 1397 1004
2 1322 1941
2 58 58
2 1409 52
2 1507 125
2 106 1805
2 1828 1828
2 1053 481
2 1649 1649
2 899 1906
1 365 1858 793243169
2 84 84
2 1226 1102
2 471 471
2 1830 1707
2 1230 55
2 1083 1414
2 227 1025
2 181 506
2 658 915
2 797 543
2 227 1128
1 375 1481 157901596
2 970 196
1 1594 23 922729126
2 627 1694
1 1423 1827 500015512
2 173 173
2 792 625
1 996 1583 62690499
2 91 89
2 878 1199
2 220 909
2 1823 595
1 1788 1462 569253660
1 1988 1091 29387846
2 428 173
2 154 1812
2 1216 103
2 605 605
2 668 957
1 1864 1217 469641537
1 172 421 283447312
1 562 1767 226204933
1 24 454 862734021
2 219 1281
2 1658 1840
2 480 352
2 44 710
1 1427 817 851645224
1 1522 282 151541983
2 1541 1288
1 1364 1729 734083551
1 1930 835 996510955
2 56 1370
2 1197 1585
1 1861 1957 212470162
2 607 1982
2 1799 1799
2 268 1529
2 1892 1445
2 1387 1647
2 1960 1262
1 332 731 52625301
1 853 271 177828557
2 504 229
2 1528 1567
2 1086 523
1 465 454 870146648
2 969 1275
2 1824 1693
1 1904 599 379769215
2 562 1767
2 1692 1704
2 724 724
2 532 465
1 659 1382 714112380
2 1463 1353
2 1523 1523
2 370 351
2 1648 302
2 1531 335
1 1042 982 748757200
2 1664 853
2 207 631
1 1285 1533 24299614
2 1087 278
2 1549 1905
2 1020 1092
2 653 653
2 928 397
1 879 1704 78635460
2 859 419
2 1002 1137
2 619 1882
2 447 1239
2 231 1880
2 345 147
2 1098 1695
1 599 1263 349647129
2 1490 1490
2 1348 961
1 1438 56 424339355
2 1828 1828
2 1475 409
2 1705 987
2 1319 1319
2 488 301
2 1955 1694
2 353 1892
2 1328 650
1 1070 686 623919701
2 814 1739
1 903 1662 738382689
2 698 981
2 59 59
2 753 1872
2 832 832
2 134 1425
1 1487 1339 67075092
1 1335 1880 898309002
1 475 61 970065653
2 1708 342
2 1763 1232
2 219 817
2 1619 1547
2 1639 640
2 247 1538
2 934 719
2 30 1818
2 1153 582
2 2 642
1 1858 681 301010293
1 1437 1086 19356153
2 270 270
2 1470 739
2 1936 1936
2 1761 1258
2 56 1263
2 1920 1177
2 1578 1402
1 1122 1827 773505628
2 1161 1161
2 1215 57
1 421 1944 751392007
2 1526 1067
2 1173 1173
2 513 1855
2 1592 935
2 833 1914
1 1129 948 702062897
2 1223 981
1 499 668 413863073
2 1547 1099
2 1677 1576
2 1653 1266
2 1179 285
1 1669 317 735028870
2 1190 915
1 1397 1135 449687494
2 1976 1100
1 488 146 792224555
2 442 442
2 853 1713
2 1444 1444
2 1938 1824
2 813 1283
2 1447 698
2 820 820
2 1726 1782
2 1121 1121
2 1873 289
1 682 1048 487375817
2 921 921
2 375 1798
1 1563 1060 478839095
2 1889 623
2 1820 1849
1 1884 1650 789371998
2 170 1921
2 1773 1773
2 908 1740
2 771 1204
2 1439 1366
1 474 976 915154539
2 995 9
2 1177 643
1 183 361 887372263
2 688 928
1 1879 1872 936025098
1 1617 1607 405962996
1 1895 1729 779488781
